864454070528117
864454070528118
864454070528119
864454070528120
864454070528121
864454070528122
864454070528123
864454070528124
864454070528125
864454070528126
864454070528127
864454070528128
864454070528129
864454070528130
864454070528131
864454070528132
864454070528133
864454070528134
864454070528135
864454070528136
864454070528137
864454070528138
864454070528139
864454070528140
864454070528141
864454070528142
864454070528143
864454070528144
864454070528145
864454070528146
864454070528147
864454070528148
864454070528149
864454070528150
864454070528151
864454070528152
864454070528153
864454070528154
864454070528155
864454070528156
864454070528157
864454070528158
864454070528159
864454070528160
864454070528161
864454070528162
864454070528163
864454070528164
864454070528165